Micro
T = 4
tractor:  15.243948497854078
xgboost: 3.3525416666666668
T = 8
tractor:  17.048436578171092
xgboost: 1.596235059760956
T = 16
tractor:  17.59877887788779
xgboost: 2.369571428571428
T = 32
tractor:  20.131735294117647
xgboost: 1.2004285714285714
